14402
14619
14620
14621
14654
37
46
73
14807
95
108
109
110
112
113
151
150
248
14971
14972
15020
15109
15158
15156
331
15190
15191
367
378
379
388
389
390
391
392
393
395
396
509
610
619
621
623
662
664
667
669
671
673
674
753
779
808
813
915
925
928
932
924
927
931
951
953
1005
1069
1193
1204
1229
1230
1287
1277
1279
1328
1350
1467
1465
1587
1619
1622
1717
1714
1716
1718
1829
1830
1831
1832
1833
1834
1835
1836
1837
1838
1839
1840
1860
1925
1995
2026
2034
2081
2123
2145
2146
2147
2143
2144
2142
2253
2254
2257
2258
2259
2260
2263
2264
2265
2266
2267
2268
2321
2402
2430
2432
2431
2433
2444
2471
2475
2501
2561
2577
2579
2580
2581
2582
2583
2586
2587
2588
2648
2628
2758
2759
2811
2903
2910
2911
2966
2967
2968
3083
3174
3177
3182
3282
3344
3363
3516
3515
3648
3647
3723
3721
3722
3854
3860
3863
3850
3853
3862
3849
3852
3858
3861
3865
3866
3935
3934
3960
3984
4037
4042
4044
4046
4049
4051
4132
4133
4134
4135
4136
4137
4182
4254
4436
4538
4536
4559
4561
4663
4705
4706
15850
15849
16947
16948
16033
16023
16910
16911
16912
16213
16210
16204
16205
16207
16208
16215
16212
15533
15712
15534
15715
16674
16677
16670
16672
16679
16668
16200
16855
16856
16853
16858
16860
15531
15709
15711
15823
16298
16301
17006
17005
17009
17007
17008
16795
16800
16802
16797
16805
16968
16969
15995
17051
17048
17050
17049
16179
15874
15873
15872
15869
15866
15870
15871
15867
15553
15742
16772
16775
16420
16427
16424
16425
16421
16418
16407
16413
16416
16410
16118
16950
16949
17016
17017
4760
4770
17063
16291
16294
16288
15879
15748
15745
15554
15744
15747
15562
15754
16965
16966
16967
16961
16429
16432
16435
16437
17064
17065
17066
15928
15926
15856
16994
16995
16034
16037
16036
16038
15935
15936
15938
16125
16126
16128
16124
16120
16121
16122
16054
17030
17026
17028
17029
17027
16713
16711
17043
17041
17042
17036
17035
17034
17033
17032
17037
17031
17040
17039
17038
16198
15858
15859
15860
15862
16975
16974
16609
16615
16612
16839
16057
17060
17061
16846
16848
15933
16946
15853
15550
15736
15738
15739
16956
16957
15897
15977
17003
17002
17001
16779
16785
16787
16792
16782
16781
16446
16046
16048
16932
16929
16942
16941
16933
16934
16930
16940
16939
16924
16919
16918
16936
16938
16927
16917
16928
16935
16937
16920
16922
16931
16921
16914
16923
16925
16916
16915
16926
16973
15620
15621
15842
15844
15845
15623
15847
15848
15616
15836
15838
15839
15618
15840
15841
16443
15930
15932
15913
15833
16959
16686
16004
16005
16007
16008
16009
16011
16012
16013
16014
16015
16017
16018
16393
16400
16390
16396
16049
16682
16043
16045
16044
15953
15955
15958
15960
16282
17018
16196
16194
15968
15964
15963
15971
15972
15969
15966
16079
16080
15864
15865
17019
17021
17022
17020
16440
16441
16630
16631
16633
16638
16643
16952
16077
16893
16138
16135
16136
16132
16139
16142
16134
16141
16145
16129
16130
16133
16143
15721
15536
15718
15720
15830
15831
16154
16153
16151
16944
16945
15916
15880
16756
15520
15558
15560
15749
15752
15521
15559
15561
15751
15753
16230
16232
16233
16235
16236
16237
16238
16240
16227
16221
16222
16224
16225
16229
16218
16219
16241
16830
16833
15796
15798
16502
16484
16533
16536
16539
16542
16507
16488
16491
16472
16529
16520
16500
16496
16493
16514
16505
16564
16557
16559
16586
16486
16470
16547
16551
16598
16555
16588
16522
16594
16452
16544
16581
16601
16449
16604
16461
16455
16458
16475
16479
16570
16511
16560
16592
16568
16583
16517
16467
16553
16566
16573
16576
16578
16590
16620
16622
17025
16978
16977
16976
16041
16040
15800
15801
15803
15805
15767
15769
16954
16953
15919
15921
15923
15770
16863
16107
16109
16108
16110
16101
16103
16105
16104
16885
16886
16556
16558
16864
16865
16866
16892
15979
15775
15776
16689
16692
17062
15494
15523
15695
16020
16021
16367
16370
16376
16382
16365
16339
16342
16344
16361
16359
16386
16304
16308
16312
16373
16355
16315
16319
16322
16326
16379
16333
16337
16347
16350
16352
15825
16999
17000
17056
17055
15774
15772
16086
16088
15526
15700
15702
15876
15877
17013
17014
16051
16090
16092
16626
15528
15703
16880
16881
16882
16877
16869
16870
16871
16879
16867
16868
16878
16872
16883
16884
16873
16874
16875
16876
15899
15903
15907
15660
15661
15901
15902
15904
15906
15909
15910
15911
17004
16271
16265
16267
16244
16246
16249
16251
16253
16255
16258
16274
16262
16270
16279
16277
16960
16162
16159
16160
16089
16156
16157
16166
16163
16164
16165
16759
16765
16763
16768
16899
16614
16616
16618
16619
16900
16901
16902
16903
16904
16905
16058
16060
16061
16972
16971
16970
16029
16031
16027
16026
16030
16063
16065
16066
16069
16068
16842
16958
16185
16172
16171
16174
16167
16169
16170
17015
15924
15698
15524
15697
17058
17059
16717
16718
16719
16721
16907
16908
16909
16906
16741
16747
16736
16744
17023
17024
15983
15985
15986
15991
15982
15987
15989
15888
15887
15890
15891
15884
15885
16734
16979
16980
16981
16982
16983
16984
16985
16986
16987
16989
16990
16988
15973
15974
15976
15918
15915
16991
16913
16024
16695
16700
16706
16702
16708
16697
16704
15766
15763
15764
16094
16096
16093
16097
16962
15758
16963
15939
15942
15941
16001
16000
16002
15756
15757
15784
15790
15795
15778
15780
15781
15783
15786
15788
15791
15793
15541
15724
15542
15726
15547
15731
15545
15546
15729
15730
15539
15540
15722
15723
15543
15727
15544
15728
16731
16727
16728
16725
15821
16811
16823
16813
16820
16809
16816
16818
16815
16822
15993
16055
15882
16955
16750
15529
15705
15707
16648
16658
16150
15814
15817
15815
15819
15809
15808
15807
15820
15811
15812
15813
15950
15952
15944
15946
15948
15949
16894
16896
16897
16898
16895
15760
15761
15549
15733
16826
15894
15827
15829
17046
17045
17044
17047
16083
16084
16062
16887
16888
16889
16890
16891
17057
15892
15548
15732
16753
16100
16242
15354
15389
15412
15408
4930
4931
4996
5001
5017
5162
5245
5247
5251
5253
5257
5259
5263
5265
5246
5248
5250
5252
5254
5256
5258
5260
5262
5264
5266
5290
5368
5423
15441
15445
15443
5534
5554
5602
5603
5660
5661
5675
5691
5693
5695
5699
5730
5842
5873
5942
5948
5949
6016
6017
6130
6131
6132
6133
6134
6291
6471
6483
6484
6485
6486
6520
6521
6523
6525
6528
6529
6517
6526
6527
6567
6786
6788
6836
6842
6796
6800
6804
6808
6812
6816
6792
6826
6832
6838
6825
6831
6837
6829
6835
6841
6827
6833
6839
6828
6834
6840
6790
6794
6798
6802
6806
6810
6814
6933
6930
15471
15472
15474
7157
7159
7161
7166
7168
7148
7222
7259
7255
7283
7311
7304
7306
7308
7467
7550
7570
7609
7629
7630
7632
7633
7634
7637
7638
7639
7640
7775
7825
7887
7930
16951
16992
16993
16190
16193
16188
16192
16186
16202
16075
16071
16074
16072
16113
16116
16114
16117
16181
16183
17054
17052
17053
15997
16112
16964
16943
16177
16175
16146
16147
16148
17011
17010
17012
15535
15717
16996
16997
16998
16285
