36
38
292
401
403
414
664
709
794
846
860
967
981
990
1059
1090
1114
1119
1130
1131
1145
1182
1194
1218
1223
1240
1246
1259
1280
1327
1344
1347
1348
1349
1419
1422
1451
1465
1466
1493
1515
1523
1525
1531
1534
1555
1556
1601
1605
1609
1611
1616
1624
1631
1634
1637
1647
1650
1656
1659
1668
1670
1673
1677
1690
1693
1696
1697
1698
1701
1703
1705
1709
1711
1715
1718
1719
1724
1725
1728
1730
1734
1737
1746
1748
1751
1752
1754
1758
1759
1768
1772
1780
1783
1788
1790
1794
1795
1801
1803
1805
1807
1808
1809
1810
1813
1815
1820
1826
1829
1839
1841
1848
1849
1850
1854
1855
1858
1862
1863
1864
1866
1868
1873
1874
1875
1876
1877
1878
1883
1886
1897
1902
1912
1916
1920
1924
1928
1931
1932
1935
1936
1938
1942
1943
1944
1950
1952
1953
1966
1978
1979
1980
1983
1992
1994
1998
2003
2011
2014
2019
2031
2044
2049
2052
2054
2056
2058
2064
2067
2068
2070
2073
2079
2080
2081
2082
2083
2084
2085
2087
2090
2092
2093
2094
2096
2097
2100
2102
2103
2106
2108
2115
2119
2125
2127
2133
2135
2136
2137
2140
2141
2144
2148
2149
2152
2153
2154
2190
2313
2403
2646
2746
2851
2856
2879
2921
2933
2967
3023
3118
3152
3156
3164
3166
3168
3172
3179
3180
3182
3191
3204
3206
3224
3233
3239
3240
3242
3249
3251
3253
3254
3257
3258
3259
3261