798
846
860
794
1240
1734
1609
292
2114
1679
3195
1710
2746
1316
2851
709
417
1506
3216
2061
1527
1280
981
3170
2933
99
2646
3234
907
916
3176
1772
1195
1218
38
1496
2403
2856
2967
3153
3246
1223
1344
1470
1686
1787
1870
1967
3213
3221
3238
1808
1803
1391
1348
1761
1059
2313
2033
403
1927
1545
1837
1476
1541
1607
1663
1674
3243
1194
3231
1793
1825
401
2000
2047
1184
2072
1182
1090
2879
967
414
3202
36
3215
1495
1516
3201
1557
3205
1520
2120
2291
1644
1181
1130
1119
1494
1636
1561
1018
2941
990
3118
1503
932
3174
1799
1700
1692
664
1829
1468
3191
1890
1669
1945
3236
1977
1984
1989
1533
1645
