1769
883
1151
2727
662
222
3184
440
2399
2819
2310
64
2752
142
2410
753
2768
275
899
3197
279
829
2509
248
2332
54
1133
2438
2324
156
360
505
715
1475
2339
3210
3212
856
2150
1639
1969
582
2412
2624
1676
195
2976
2023
2076
3155
3165
2101
911
1063
1723
1123
1869
1906
1693
2946
1929
635
1732
1612
2978
3192
1477
519
2534
1410
2043
498
471
1843
2002
2009
2096
2128
2131
2142
785
783
3209
597
566
2614
349
2815
2832
3066
3072
3133
3157
172
3188
868
1228
1397
1402
92
1504
1526
1540
1544
1548
1563
1576
1580
1605
1652
1666
1702
1730
1735
1764
820
1770
1797
1804
1823
1830
1834
1842
1845
1846
1853
1899
1926
1960
1985
1986
1999
