14971
14972
15156
915
1619
1622
2254
2257
2258
2259
2260
2267
2268
2577
2579
2580
2581
2582
2583
2587
2588
15850
15849
16947
16948
16213
16210
16204
16205
16207
16208
16215
16212
15715
16674
16677
16670
16672
16679
16668
16200
16855
16856
16853
16858
16860
15709
15711
15823
16298
16301
17006
17005
17009
17007
17008
16795
16800
16802
16797
16805
16968
16969
15995
16179
15874
15873
15872
15869
15866
15870
15871
15867
15742
16772
16775
16420
16427
16424
16425
16421
16418
16407
16413
16416
16410
16118
16950
16949
17016
17017
17063
16291
16294
16288
15879
15748
15745
15744
15747
15754
16965
16966
16967
16961
16429
16432
16435
16437
17064
17065
17066
15928
15926
15856
16994
16995
15935
15936
15938
16125
16126
16128
16124
16120
16121
16122
16054
17030
17026
17028
17029
17027
17043
17041
17042
17036
17035
17034
17033
17032
17037
17031
17040
17039
17038
16198
15858
15859
15860
15862
16975
16974
16609
16615
16612
16839
16057
17060
17061
16846
16848
15933
16946
15853
15736
15738
15739
15897
15977
17003
16779
16785
16787
16792
16782
16781
16446
16046
16048
16928
16973
15842
15844
15845
15847
15848
15836
15838
15839
15840
15841
16443
15930
15932
15833
16959
16686
16004
16005
16007
16008
16009
16011
16012
16013
16014
16015
16017
16018
16393
16400
16390
16396
16682
15953
15955
15958
15960
16282
17018
15968
15964
15963
15971
15972
15969
15966
16079
16080
17019
17021
17022
17020
16630
16077
16893
16138
15721
15718
15720
15831
16154
16153
16151
16944
16945
15916
15880
16756
15749
15752
15751
15753
16830
16833
15796
15798
16502
16484
16533
16536
16539
16542
16507
16488
16491
16472
16529
16520
16500
16496
16493
16514
16505
16564
16557
16559
16586
16486
16470
16547
16551
16598
16555
16588
16522
16594
16452
16544
16581
16601
16449
16604
16461
16455
16458
16475
16479
16570
16511
16560
16592
16568
16583
16517
16467
16553
16566
16573
16576
16578
16590
16620
16622
17025
16978
16977
16976
16041
16040
15800
15801
15803
15805
15767
15769
15919
15921
15923
16863
16885
16886
16864
16865
16866
16892
15979
15775
15776
16689
16692
15523
15695
16020
16021
16367
16370
16376
16382
16365
16339
16342
16344
16361
16359
16386
16304
16308
16312
16373
16355
16315
16319
16322
16326
16379
16333
16337
16347
16350
16352
15825
17000
15774
15772
16086
16088
15700
15702
15876
15877
17013
17014
16051
16090
16092
16626
15703
16871
15899
15903
15907
15901
15902
15904
15906
15909
15910
15911
17004
16271
16265
16267
16244
16246
16249
16251
16253
16255
16258
16274
16262
16270
16279
16277
16960
16162
16165
16759
16765
16763
16768
16899
16619
16900
16901
16902
16903
16904
16905
16058
16060
16061
16972
16029
16031
16027
16026
16026
16030
16030
16842
16958
16185
16172
16171
16174
16167
16169
16170
17015
15924
15698
15697
17058
17059
16717
16718
16719
16721
16907
16908
16909
16906
16741
16747
16736
16744
17023
17024
15888
15887
15890
15891
15884
15885
16979
16980
16981
16982
16983
16984
16985
16986
16987
16989
16990
16988
15918
16024
16695
16700
16706
16702
16708
16697
16704
16094
16096
16093
16097
16962
16001
16000
16002
15756
15757
15784
15784
15784
15790
15790
15790
15795
15795
15795
15783
15791
15793
15541
15724
15542
15726
15547
15731
15545
15546
15729
15730
15539
15540
15722
15723
15543
15727
15544
15728
16731
16727
16728
16725
16811
16823
16813
16820
16809
16816
16818
16815
16822
15993
16055
15882
16955
15705
15707
16648
16658
16150
15817
15809
15950
15952
15944
15946
15948
15949
16894
16896
16897
16898
16895
15760
15761
15733
16826
15894
15827
15829
17046
17045
17044
17047
16083
16084
16062
16887
16888
16889
16890
16891
17057
15892
15732
16100
16242
5247
5247
5253
5259
5259
5265
5248
5254
5258
5266
5675
5942
6930
7629
7630
7637
7638
16951
16992
16993
16190
16193
16188
16192
16186
16075
16071
16074
16072
16113
16116
16114
16117
16181
16183
15997
16112
16943
16177
16175
16148
17011
17010
17012
15717
16996
16997
16998
16285
