1912
2035
1944
1966
2115
1511
1490
3254
1820
2098
2139
2125
1697
1538
1610
1862
1613
2095
2090
2124
2084
1877
1883
1935
1898
2097
1866
1876
2119
2102
1515
1917
2132
1826
1731
1721
1464
1694
1634
1656
1807
1535
1950
1603
1848
2108
2056
2138
2130
1703
1979
1728
2071
1841
2068
2052
1881
2034
1626
3168
1726
1688
1638
2092
2121
1767
1795
2064
1709
1897
2054
2104
1530
3211
2093
1742
1915
1479
2080
2012
1466
1637
1885
1875
1759
1717
1752
1955
1641
2107
1680
1998
2135
2014
3199
1813
1805
2134
1942
1958
2087
2144
1888
3220
3200
1551
1640
1819
3239
2118
1827
1992
2026
3237
1534
3203
2020
3164
1788
1653
1505
3166
1487
1863
2153
1982
1768
3259
1602
1517
1916
1748
1542
1622
1724
1715
1867
1671
1868
1962
1810
2116
1500
1754
1739
1904
2082
1647
2044
2100
2051
2113
2141
1854
1995
1539
1714
1519
2103
2127
1864
1673
2015
1682
1507
1884
1895
1978
1893
2136
1896
1815
2122
1996
2050
1483
2077
1718
3233
1836
1690
1465
1554
3149
1812
1878
2110
1698
2017
1737
1983
1621
2089
2091
3224
1618
1523
2011
1719
1657
1874
2062
2073
3151
1635
3258
1923
1711
1980
1518
3249
1953
2031
1555
1777
1809
2053
1873
1643
1650
2133
1531
3204
1931
2137
2042
1681
1908
1601
1624
