25
30
35
36
38
42
54
64
76
92
97
99
117
127
142
156
172
195
215
222
240
248
263
275
279
292
293
307
327
346
349
350
358
360
376
401
403
414
417
440
471
498
505
519
566
582
591
595
597
635
662
664
675
697
709
715
720
740
753
772
783
785
794
798
820
829
846
856
860
868
883
899
907
911
916
932
952
967
981
990
1018
1059
1063
1090
1114
1119
1123
1130
1131
1133
1145
1151
1163
1181
1182
1184
1188
1191
1194
1195
1216
1218
1223
1228
1234
1240
1246
1259
1263
1276
1280
1287
1294
1315
1316
1327
1344
1347
1348
1349
1387
1391
1393
1396
1397
1400
1402
1405
1410
1419
1420
1422
1424
1440
1451
1454
1463
1467
1468
1469
1470
1471
1472
1473
1474
1475
1476
1477
1478
1480
1481
1482
1484
1485
1486
1488
1489
1491
1492
1493
1494
1495
1496
1497
1498
1499
1501
1502
1503
1504
1506
1508
1509
1510
1512
1514
1516
1520
1521
1522
1524
1525
1526
1527
1528
1529
1532
1533
1536
1537
1540
1541
1543
1544
1545
1546
1548
1549
1550
1552
1553
1556
1557
1558
1559
1560
1561
1562
1563
1564
1569
1570
1571
1576
1577
1580
1581
1583
1586
1591
1593
1594
1600
1604
1605
1606
1607
1609
1612
1615
1616
1617
1619
1620
1623
1625
1627
1628
1629
1631
1632
1636
1639
1642
1644
1645
1646
1648
1649
1651
1652
1655
1658
1659
1661
1663
1664
1665
1666
1668
1669
1670
1672
1674
1675
1676
1677
1678
1679
1683
1684
1686
1687
1689
1691
1692
1693
1696
1699
1700
1702
1704
1707
1708
1710
1712
1713
1720
1722
1723
1725
1727
1729
1730
1732
1733
1734
1735
1736
1741
1744
1745
1746
1747
1751
1753
1755
1756
1758
1761
1764
1766
1769
1770
1771
1772
1774
1775
1776
1780
1781
1782
1783
1784
1785
1786
1787
1791
1793
1797
1798
1799
1801
1802
1803
1804
1806
1808
1811
1814
1816
1817
1821
1822
1823
1824
1825
1828
1829
1830
1831
1832
1834
1835
1837
1838
1840
1842
1843
1844
1845
1846
1849
1850
1851
1852
1853
1855
1856
1859
1861
1865
1869
1870
1871
1872
1879
1880
1882
1886
1887
1889
1890
1891
1892
1894
1899
1900
1901
1902
1903
1905
1906
1907
1910
1911
1914
1918
1920
1921
1922
1926
1927
1929
1934
1936
1937
1938
1939
1940
1941
1943
1945
1947
1948
1949
1951
1952
1954
1956
1957
1960
1961
1964
1965
1967
1968
1969
1973
1975
1976
1977
1981
1984
1985
1986
1987
1989
1990
1993
1994
1999
2000
2001
2002
2003
2004
2007
2008
2009
2013
2019
2021
2022
2023
2024
2025
2027
2028
2029
2032
2033
2036
2037
2038
2041
2043
2046
2047
2049
2055
2057
2059
2060
2061
2066
2067
2072
2074
2075
2076
2078
2081
2083
2085
2086
2094
2096
2101
2106
2109
2111
2112
2114
2117
2120
2123
2126
2128
2129
2131
2142
2146
2147
2150
2152
2154
2155
2190
2261
2291
2298
2310
2313
2324
2332
2339
2391
2399
2403
2410
2412
2438
2507
2509
2513
2534
2571
2614
2622
2624
2629
2631
2635
2646
2727
2746
2752
2768
2815
2819
2832
2851
2856
2879
2921
2933
2941
2946
2967
2974
2976
2978
2992
2995
3005
3023
3028
3054
3066
3068
3072
3077
3096
3098
3118
3126
3133
3142
3144
3150
3152
3153
3154
3155
3156
3157
3158
3160
3161
3162
3163
3165
3167
3169
3170
3173
3174
3176
3177
3178
3181
3182
3184
3185
3186
3187
3188
3191
3192
3193
3194
3195
3196
3197
3198
3201
3202
3205
3206
3207
3208
3209
3210
3212
3213
3214
3215
3216
3217
3219
3221
3222
3223
3225
3226
3227
3228
3230
3231
3232
3234
3236
3238
3240
3241
3243
3244
3245
3246
3247
3251
3252
3253
3255
3256
3260
