2
3
5
6
10
11
12
14
15
16
17
18
19
20
21
22
23
24
26
27
28
29
31
32
33
34
37
39
40
41
43
44
46
47
48
49
50
51
52
53
55
56
57
58
59
60
61
62
63
65
67
68
69
70
71
72
73
75
77
78
79
80
81
82
83
84
86
87
88
89
90
91
93
94
95
96
98
100
101
102
103
104
105
106
107
108
110
111
112
113
114
115
116
118
119
121
122
123
124
125
126
129
130
131
133
134
135
136
137
139
140
141
143
147
148
150
152
157
158
160
163
165
166
167
168
170
171
173
174
175
176
180
181
182
183
184
189
191
192
194
200
209
218
262
264
265
266
267
268
269
270
271
272
274
276
277
278
280
281
282
283
284
285
286
287
288
289
290
291
294
295
296
297
298
299
300
301
302
303
305
306
309
310
311
312
313
314
315
316
317
318
319
320
321
322
323
324
325
328
329
331
332
333
335
337
338
339
340
341
342
343
344
345
347
348
351
352
353
354
355
359
361
371
373
513
670
914
936
956
1158
1220
1232
1338
1366
1426
2252
2255
2256
2257
2258
2259
2265
2269
2270
2272
2273
2277
2278
2279
2280
2284
2285
2286
2287
2290
2293
2294
2295
2296
2297
2299
2300
2302
2303
2304
2305
2307
2308
2309
2311
2312
2314
2316
2318
2322
2323
2325
2326
2335
2374
2402
2477
2492
2695
2723
2821
2903
3084
3089
3123
