2
3
5
6
10
11
12
14
15
16
17
18
19
20
21
22
23
24
25
26
27
28
29
30
31
32
33
34
35
37
39
40
41
42
43
44
46
47
48
49
50
51
52
53
54
55
56
57
58
59
60
61
62
63
64
65
67
68
69
70
71
72
73
75
76
77
78
79
80
81
82
83
84
86
87
88
89
90
91
92
93
94
95
96
97
98
99
100
101
102
103
104
105
106
107
108
110
111
112
113
114
115
116
117
118
119
121
122
123
124
125
126
127
129
130
131
133
134
135
136
137
139
140
141
142
143
147
148
150
152
156
157
158
160
163
165
166
167
168
170
171
172
173
174
175
176
180
181
182
183
184
185
189
191
192
194
195
200
209
215
218
222
240
248
262
263
264
265
266
267
268
269
270
271
272
274
275
276
277
278
279
280
281
282
283
284
285
286
287
288
289
290
291
293
294
295
296
297
298
299
300
301
302
303
305
306
307
309
310
311
312
313
314
315
316
317
318
319
320
321
322
323
324
325
327
328
329
331
332
333
335
337
338
339
340
341
342
343
344
345
346
347
348
349
350
351
352
353
354
355
358
359
360
361
371
373
376
387
395
417
440
471
498
505
513
519
566
582
591
593
595
597
635
637
662
670
675
697
715
740
753
783
785
798
820
829
856
868
883
899
907
911
914
916
932
936
952
956
1018
1063
1123
1133
1146
1151
1158
1163
1181
1184
1188
1191
1195
1216
1220
1228
1232
1234
1263
1276
1287
1294
1315
1338
1366
1387
1391
1393
1396
1397
1400
1402
1405
1410
1420
1424
1426
1440
1454
1462
1463
1464
1467
1468
1469
1470
1471
1472
1473
1474
1475
1476
1477
1478
1479
1480
1481
1482
1483
1484
1485
1486
1487
1488
1489
1490
1491
1492
1494
1495
1496
1497
1498
1499
1500
1501
1502
1503
1504
1505
1506
1507
1508
1509
1510
1511
1512
1514
1516
1517
1518
1519
1520
1521
1522
1524
1526
1527
1528
1529
1530
1532
1533
1535
1536
1537
1538
1539
1540
1541
1542
1543
1544
1545
1546
1548
1549
1550
1551
1552
1553
1554
1557
1558
1559
1560
1561
1562
1563
1564
1569
1570
1571
1576
1577
1580
1581
1583
1586
1591
1593
1594
1600
1602
1603
1604
1606
1607
1610
1612
1613
1614
1615
1617
1618
1619
1620
1621
1622
1623
1625
1626
1627
1628
1629
1630
1632
1633
1635
1636
1638
1639
1640
1641
1642
1643
1644
1645
1646
1648
1649
1651
1652
1653
1655
1657
1658
1660
1661
1663
1664
1665
1666
1667
1669
1671
1672
1674
1675
1676
1678
1679
1680
1681
1682
1683
1684
1686
1687
1688
1689
1691
1692
1694
1699
1700
1702
1704
1706
1707
1708
1710
1712
1713
1714
1716
1717
1720
1721
1722
1723
1726
1727
1729
1731
1732
1733
1735
1736
1739
1741
1742
1743
1744
1745
1747
1753
1755
1756
1757
1761
1762
1763
1764
1766
1767
1769
1770
1771
1774
1775
1777
1781
1782
1784
1785
1786
1787
1791
1792
1793
1797
1798
1799
1802
1804
1806
1811
1812
1814
1816
1817
1819
1821
1822
1823
1824
1825
1827
1828
1830
1831
1832
1834
1835
1836
1837
1838
1840
1842
1843
1844
1845
1846
1847
1851
1852
1853
1856
1857
1859
1861
1865
1867
1869
1870
1871
1872
1879
1880
1881
1882
1884
1885
1887
1888
1889
1890
1891
1892
1893
1894
1895
1896
1898
1899
1900
1901
1903
1904
1905
1906
1907
1908
1909
1910
1911
1914
1915
1917
1918
1919
1921
1922
1923
1926
1927
1929
1934
1937
1939
1940
1941
1945
1946
1947
1948
1949
1951
1954
1955
1956
1957
1958
1959
1960
1961
1962
1964
1965
1967
1968
1969
1970
1972
1973
1975
1976
1977
1981
1982
1984
1985
1986
1987
1989
1990
1993
1995
1996
1997
1999
2000
2001
2002
2004
2007
2008
2009
2012
2013
2015
2016
2017
2018
2020
2021
2022
2023
2024
2025
2026
2027
2028
2029
2030
2032
2033
2034
2035
2036
2037
2038
2041
2042
2043
2045
2046
2047
2050
2051
2053
2055
2057
2059
2060
2061
2062
2063
2066
2071
2072
2074
2075
2076
2077
2078
2086
2089
2091
2095
2098
2099
2101
2104
2107
2109
2110
2111
2112
2113
2114
2116
2117
2118
2120
2121
2122
2123
2124
2126
2128
2129
2130
2131
2132
2134
2138
2139
2142
2146
2147
2150
2151
2155
2252
2255
2256
2257
2258
2259
2261
2265
2269
2270
2272
2273
2277
2278
2279
2280
2282
2284
2285
2286
2287
2288
2290
2291
2293
2294
2295
2296
2297
2298
2299
2300
2301
2302
2303
2304
2305
2307
2308
2309
2310
2311
2312
2314
2316
2318
2322
2323
2324
2325
2326
2332
2335
2339
2374
2391
2399
2402
2410
2412
2438
2447
2477
2478
2492
2509
2513
2534
2552
2571
2614
2622
2624
2629
2631
2635
2695
2723
2727
2752
2757
2768
2815
2819
2821
2832
2840
2897
2903
2941
2946
2974
2976
2978
2992
2995
3005
3028
3066
3068
3072
3077
3084
3089
3096
3098
3109
3120
3123
3126
3133
3142
3144
3149
3150
3151
3153
3154
3155
3157
3158
3159
3160
3161
3162
3163
3165
3167
3169
3170
3171
3173
3174
3176
3177
3178
3181
3184
3185
3186
3187
3188
3192
3193
3194
3195
3196
3197
3198
3199
3200
3201
3202
3203
3205
3207
3208
3209
3210
3211
3212
3213
3214
3215
3216
3217
3218
3219
3220
3221
3222
3223
3225
3226
3227
3228
3229
3230
3231
3232
3234
3236
3237
3238
3241
3243
3244
3245
3246
3247
3250
3252
3255
3256
3260